{
 "metadata": {
  "name": "Clusteringhomicidios"
 },
 "nbformat": 3,
 "nbformat_minor": 0,
 "worksheets": [
  {
   "cells": [
    {
     "cell_type": "code",
     "collapsed": false,
     "input": [
      "\n",
      "import csv\n",
      "%pylab inline\n"
     ],
     "language": "python",
     "metadata": {},
     "outputs": [
      {
       "output_type": "stream",
       "stream": "stdout",
       "text": [
        "\n",
        "Welcome to pylab, a matplotlib-based Python environment [backend: module://IPython.kernel.zmq.pylab.backend_inline].\n",
        "For more information, type 'help(pylab)'.\n"
       ]
      }
     ],
     "prompt_number": 2
    },
    {
     "cell_type": "code",
     "collapsed": false,
     "input": [
      "\n",
      "archivo = csv.reader(open('homicidios.1990.a.2013.csv','rU')) #obtener el archivo\n",
      "numerofilas = 0 #numero filas del archivo\n",
      "matrizdatos = [] \n",
      "\n",
      "\n",
      "for renglonenarchivo in archivo:\n",
      "    \n",
      "    if not \"NA\" in renglonenarchivo:\n",
      "        if not \"#DIV/0!\"in renglonenarchivo:\n",
      "            \n",
      "            matrizdatos.append(renglonenarchivo)\n",
      "            numerofilas=numerofilas+1\n",
      "            \n"
     ],
     "language": "python",
     "metadata": {},
     "outputs": [],
     "prompt_number": 3
    },
    {
     "cell_type": "code",
     "collapsed": false,
     "input": [
      "informacion = np.zeros((numerofilas,24)) #nos interesan 24 columas de la matriz de datos\n",
      "\n",
      "\n",
      "for i in range(1,numerofilas):\n",
      "    \n",
      "    j=0\n",
      "    renglon = matrizdatos[i]\n",
      "    \n",
      "    while (size(renglon)>4+(3*j)):\n",
      "        \n",
      "            informacion[i,j]=renglon[5+(3*j)]\n",
      "            j=j+1\n",
      "           \n",
      "            \n",
      "#s\u00f3lo tomamos los datos de 3 espacios en 3 espacios de la matriz de datos"
     ],
     "language": "python",
     "metadata": {},
     "outputs": [],
     "prompt_number": 4
    },
    {
     "cell_type": "code",
     "collapsed": false,
     "input": [
      "\n",
      "#vamos a sacar la matriz de covarianza para lo que primero se calcula los valores medios por facilidad\n",
      "numdatos = shape(informacion)[0]\n",
      "dimensiones = shape(informacion)[1]\n",
      "\n",
      "valoresmedios= zeros(dimensiones)\n",
      "\n",
      "for i in range(dimensiones):\n",
      "    #c\u00f2digo que nos saca la media de un evector\n",
      "    valoresmedios[i] = mean(informacion[:,i])\n",
      "\n",
      "\n"
     ],
     "language": "python",
     "metadata": {},
     "outputs": [],
     "prompt_number": 5
    },
    {
     "cell_type": "code",
     "collapsed": false,
     "input": [
      "#creacion de la matriz\n",
      "\n",
      "matrizcovarianza = zeros((dimensiones,dimensiones)) \n",
      "\n",
      "\n",
      "for m in range(dimensiones):\n",
      "    for n in range(dimensiones):\n",
      "        suma = 0\n",
      "        for l in range(numdatos):\n",
      "            r=(informacion[l,m]-valoresmedios[m])*(informacion[l,n]-valoresmedios[n])\n",
      "            suma = suma + r\n",
      "            \n",
      "            matrizcovarianza[m,n] = suma/(numdatos-1)\n",
      "\n"
     ],
     "language": "python",
     "metadata": {},
     "outputs": [],
     "prompt_number": 8
    },
    {
     "cell_type": "code",
     "collapsed": false,
     "input": [
      "print(matrizcovarianza)"
     ],
     "language": "python",
     "metadata": {},
     "outputs": [
      {
       "output_type": "stream",
       "stream": "stdout",
       "text": [
        "[[  7190.26999692   7567.50197174   6387.70669203   4908.18268301\n",
        "    3814.27793243   2676.41603125   2433.09538659   2673.08983172\n",
        "    2397.99155552   1383.58826383   1778.75153097   1955.17318486\n",
        "    1383.14626042   1316.29227728   1154.86781479    978.29739561\n",
        "     891.66350994    611.82208079    580.4148224     529.04931647\n",
        "     516.62245543    903.0363977     581.94410855    603.90028698]\n",
        " [  7567.50197174  10438.38767582   8087.42911642   6455.05404737\n",
        "    4990.02231812   3511.61213601   3268.34362016   3385.32612912\n",
        "    2850.03331762   1541.66324019   1892.55278014   2000.0965764\n",
        "    1465.58635217   1330.76310527   1293.02691265   1084.13537997\n",
        "     913.25086249    670.01714089    651.11336811    593.16437244\n",
        "     623.25858057    935.80076934    672.16127909    610.29855232]\n",
        " [  6387.70669203   8087.42911642   8202.13369336   6389.00525166\n",
        "    4957.53262044   3638.10979191   3551.56112892   3442.57015198\n",
        "    2834.02910213   1494.22096882   1776.09441763   1898.7512387\n",
        "    1343.21182519   1224.18309121   1092.19611451   1069.28656276\n",
        "     860.75617907    667.54476753    547.57832904    500.48485008\n",
        "     537.99187221    839.48644595    591.04743383    584.40865391]\n",
        " [  4908.18268301   6455.05404737   6389.00525166   7759.19439965\n",
        "    5662.72717729   4170.12894283   4003.75726766   4056.83604522\n",
        "    3494.67263182   2471.77096088   1877.64637514   1895.65333996\n",
        "    1616.40399284   1533.09889542   1547.33377722   1339.01354564\n",
        "     933.89703273    807.2407922     809.45070333    685.75240545\n",
        "     699.11865295    924.42569003    719.03595694    695.15256614]\n",
        " [  3814.27793243   4990.02231812   4957.53262044   5662.72717729\n",
        "    6027.21798931   4088.43929428   3715.24760389   3799.28726157\n",
        "    3097.37906677   1884.60198806   1728.20846881   1709.9941941\n",
        "    1503.25828943   1223.11490417   1433.97718457   1429.22732116\n",
        "    1070.21036445    893.36078066    806.48334071    740.25649397\n",
        "     780.07557407   1008.2271797     732.23646116    725.87917278]\n",
        " [  2676.41603125   3511.61213601   3638.10979191   4170.12894283\n",
        "    4088.43929428   4102.9719868    3380.26707971   3193.89962724\n",
        "    2596.93051638   1556.85444367   1576.07927605   1565.35942227\n",
        "    1351.05534501   1016.42576193   1367.76639639   1215.87874994\n",
        "     888.67380939    854.62599352    668.19537325    642.42625973\n",
        "     642.29740399    741.47221171    576.89671394    568.45657984]\n",
        " [  2433.09538659   3268.34362016   3551.56112892   4003.75726766\n",
        "    3715.24760389   3380.26707971   5253.82921164   4141.04989855\n",
        "    3174.91832436   1879.62341929   1547.49067376   1716.01576921\n",
        "    1655.48310293   1417.17363308   1381.03361423   1282.38141258\n",
        "     839.10115101    882.6628777     761.28948993    671.20999761\n",
        "     704.1986065     746.54226021    696.06139625    705.39661196]\n",
        " [  2673.08983172   3385.32612912   3442.57015198   4056.83604522\n",
        "    3799.28726157   3193.89962724   4141.04989855   5873.37041686\n",
        "    4208.79734041   2042.55768048   1670.0982283    2301.51348264\n",
        "    1764.41112966   1790.59920944   1578.67468246   1321.80175934\n",
        "     973.79709086    968.5812859     729.09043281    628.76027637\n",
        "     722.43279571    766.79451841    684.90330509    647.30357003]\n",
        " [  2397.99155552   2850.03331762   2834.02910213   3494.67263182\n",
        "    3097.37906677   2596.93051638   3174.91832436   4208.79734041\n",
        "    5533.64728238   1979.10242924   1938.664461     2723.16634147\n",
        "    2030.92935358   2201.76749309   1663.11128158   1210.24448835\n",
        "     973.44119554    901.10429769    517.20722103    541.7286975\n",
        "     599.5306152     557.0714709     594.73562302    458.91967059]\n",
        " [  1383.58826383   1541.66324019   1494.22096882   2471.77096088\n",
        "    1884.60198806   1556.85444367   1879.62341929   2042.55768048\n",
        "    1979.10242924   7226.93684485   2463.94231187   2624.11855067\n",
        "    2547.17600117   2155.15830926   1555.82707306   1294.78791944\n",
        "     889.20715192    821.13725948    799.28714202    476.71754509\n",
        "     771.17995886    571.5076078     610.01691803    472.27765359]\n",
        " [  1778.75153097   1892.55278014   1776.09441763   1877.64637514\n",
        "    1728.20846881   1576.07927605   1547.49067376   1670.0982283\n",
        "    1938.664461     2463.94231187   6825.01763259   4353.59400432\n",
        "    3552.35828566   2358.52676956   1994.87418947   1129.36918351\n",
        "     886.87214876    832.54514887    521.25074883    436.09902664\n",
        "     481.03189667    633.85577738    563.37470458    521.66403472]\n",
        " [  1955.17318486   2000.0965764    1898.7512387    1895.65333996\n",
        "    1709.9941941    1565.35942227   1716.01576921   2301.51348264\n",
        "    2723.16634147   2624.11855067   4353.59400432   7727.8797438\n",
        "    4706.57440567   3434.26002276   2343.84751872   1531.14123106\n",
        "    1288.42445561    995.80123844    715.41734809    598.19133511\n",
        "     548.37127563    849.13251017    720.47031731    628.11738425]\n",
        " [  1383.14626042   1465.58635217   1343.21182519   1616.40399284\n",
        "    1503.25828943   1351.05534501   1655.48310293   1764.41112966\n",
        "    2030.92935358   2547.17600117   3552.35828566   4706.57440567\n",
        "    9989.7928904    4118.38828073   2393.4838523    1842.26851426\n",
        "    1256.08339907   1198.82291848    849.65941191    494.79822284\n",
        "     530.14924169    848.36562366    667.24888388    630.1686848 ]\n",
        " [  1316.29227728   1330.76310527   1224.18309121   1533.09889542\n",
        "    1223.11490417   1016.42576193   1417.17363308   1790.59920944\n",
        "    2201.76749309   2155.15830926   2358.52676956   3434.26002276\n",
        "    4118.38828073   7571.05020844   3446.54056456   1768.367173\n",
        "    1269.30712383    939.54714264    838.20483056    629.35505706\n",
        "     466.63567978    758.03193803    565.124346      618.88656455]\n",
        " [  1154.86781479   1293.02691265   1092.19611451   1547.33377722\n",
        "    1433.97718457   1367.76639639   1381.03361423   1578.67468246\n",
        "    1663.11128158   1555.82707306   1994.87418947   2343.84751872\n",
        "    2393.4838523    3446.54056456   4558.94507029   2070.19163271\n",
        "    1563.84546416   1388.36558209   1093.80314173    931.43162477\n",
        "     805.80920786    744.13610029    688.38680598    678.29930593]\n",
        " [   978.29739561   1084.13537997   1069.28656276   1339.01354564\n",
        "    1429.22732116   1215.87874994   1282.38141258   1321.80175934\n",
        "    1210.24448835   1294.78791944   1129.36918351   1531.14123106\n",
        "    1842.26851426   1768.367173     2070.19163271   2783.27101433\n",
        "    1556.69685184   1244.76981818   1130.14520101    953.87699545\n",
        "     834.72632532    871.93352037    836.24606313    776.39268292]\n",
        " [   891.66350994    913.25086249    860.75617907    933.89703273\n",
        "    1070.21036445    888.67380939    839.10115101    973.79709086\n",
        "     973.44119554    889.20715192    886.87214876   1288.42445561\n",
        "    1256.08339907   1269.30712383   1563.84546416   1556.69685184\n",
        "    2333.1527528    1319.77452827   1024.6851299     812.36830544\n",
        "     796.74445757    783.21660165    746.74355237    664.90864608]\n",
        " [   611.82208079    670.01714089    667.54476753    807.2407922\n",
        "     893.36078066    854.62599352    882.6628777     968.5812859\n",
        "     901.10429769    821.13725948    832.54514887    995.80123844\n",
        "    1198.82291848    939.54714264   1388.36558209   1244.76981818\n",
        "    1319.77452827   1979.28414956    991.04732334    788.29237563\n",
        "     735.64730081    696.65815146    670.9707293     703.66443603]\n",
        " [   580.4148224     651.11336811    547.57832904    809.45070333\n",
        "     806.48334071    668.19537325    761.28948993    729.09043281\n",
        "     517.20722103    799.28714202    521.25074883    715.41734809\n",
        "     849.65941191    838.20483056   1093.80314173   1130.14520101\n",
        "    1024.6851299     991.04732334   1524.94929211    851.16962359\n",
        "     743.77138144    827.78087353    655.85207538    625.92579154]\n",
        " [   529.04931647    593.16437244    500.48485008    685.75240545\n",
        "     740.25649397    642.42625973    671.20999761    628.76027637\n",
        "     541.7286975     476.71754509    436.09902664    598.19133511\n",
        "     494.79822284    629.35505706    931.43162477    953.87699545\n",
        "     812.36830544    788.29237563    851.16962359   1124.03019427\n",
        "     711.68883098    638.51430596    622.68991558    553.5311388 ]\n",
        " [   516.62245543    623.25858057    537.99187221    699.11865295\n",
        "     780.07557407    642.29740399    704.1986065     722.43279571\n",
        "     599.5306152     771.17995886    481.03189667    548.37127563\n",
        "     530.14924169    466.63567978    805.80920786    834.72632532\n",
        "     796.74445757    735.64730081    743.77138144    711.68883098\n",
        "    1127.87244078    662.76230161    637.41200447    521.62103692]\n",
        " [   903.0363977     935.80076934    839.48644595    924.42569003\n",
        "    1008.2271797     741.47221171    746.54226021    766.79451841\n",
        "     557.0714709     571.5076078     633.85577738    849.13251017\n",
        "     848.36562366    758.03193803    744.13610029    871.93352037\n",
        "     783.21660165    696.65815146    827.78087353    638.51430596\n",
        "     662.76230161   1474.06111031    641.34413103    697.40476248]\n",
        " [   581.94410855    672.16127909    591.04743383    719.03595694\n",
        "     732.23646116    576.89671394    696.06139625    684.90330509\n",
        "     594.73562302    610.01691803    563.37470458    720.47031731\n",
        "     667.24888388    565.124346      688.38680598    836.24606313\n",
        "     746.74355237    670.9707293     655.85207538    622.68991558\n",
        "     637.41200447    641.34413103   1010.55677361    595.02149514]\n",
        " [   603.90028698    610.29855232    584.40865391    695.15256614\n",
        "     725.87917278    568.45657984    705.39661196    647.30357003\n",
        "     458.91967059    472.27765359    521.66403472    628.11738425\n",
        "     630.1686848     618.88656455    678.29930593    776.39268292\n",
        "     664.90864608    703.66443603    625.92579154    553.5311388\n",
        "     521.62103692    697.40476248    595.02149514    999.42983324]]\n"
       ]
      }
     ],
     "prompt_number": 10
    },
    {
     "cell_type": "code",
     "collapsed": false,
     "input": [
      "imshow(matrizcovarianza) #ac\u00e1 vemos la matriz sim\u00e9trica de covarianza como era de esperar\n"
     ],
     "language": "python",
     "metadata": {},
     "outputs": [
      {
       "output_type": "pyout",
       "prompt_number": 11,
       "text": [
        "<matplotlib.image.AxesImage at 0x26994d0>"
       ]
      },
      {
       "output_type": "display_data",
       "png": "iVBORw0KGgoAAAANSUhEUgAAAPwAAAD5CAYAAAADZljUAAAABHNCSVQICAgIfAhkiAAAAAlwSFlz\nAAALEgAACxIB0t1+/AAAIABJREFUeJzsvUGsLLt53/n7yKrqPufc+/T0YvtZtgXISWaQrDKLALMS\nIiB2Am2MeBPbyABB7ATZGBjv5F00yUbbANkGGK2EZJcAAQTDA0QYZGGtDASIATsJFBgZW5EsPb17\n7zndVUV+syBZzWKT1X3Offc+Bb4fwCaLXUWyWPx/30fyIymqqryjd/SO/lyQ+bQL8I7e0Tt6e/QO\n8O/oHf05oneAf0fv6M8RvQP8O3pHf47oHeDf0Tv6c0Tdm0hURN5Esu/oHb2jK6k1+fZkwH/zm9/k\nt37rt3DO8Q//4T/kK1/5yjrD/7q+/6v/HL76m8C87ZwxTLuecd8z7rp1eN8z7oJ7wXNe8JyPeY8X\nPIvXp/DHvMeDu+VhvuEw33KYbniYbznMJ/8w3zIeBnhJcC+oh7/1VfhrXwUPONq+EHQmW/FTWOK9\nl9zo4ZC5YyU8A2LqDgPun0H/f4V8TVa+MmwAr+A9OAfOx3DhewWucb7iynhXCef+/w38H1fmlypt\nLvw8nMqwtNDX9Fv0u8AvxErtousr4eSnxu+ogyKVPQnRXJjW4gD+z2bpnqTSO+f4zd/8Tb75zW/y\nn/7Tf+Ib3/gGf/AHf/CUpN7RO3pHb5GeBPhvf/vb/OW//Jf5whe+QN/3/Oqv/ir/5t/8m0+6bO/o\nHb2jT5iepNL/9//+3/n85z+/XP/cz/0cv/d7v7e656v//BT+0v8e3KdBn8howue+9Emk8vbJ/I1P\nuwSvQX/t0y7AE+kvfgp5/hHwn6+680mAv2ZQ7qu/eR6nU+ZG8MW1TuAE5r0yHzX4e4+fPEwemR3W\nCZ0z9DIzyMROjkzSM8nAbB6YxeKiMygGReTUrQ2+gBVUBek82gl0gvbJgQ4Cg6CDoD//pVOXMHUx\nH9OHz8O1PvzMum+d7rFycpK5JSPNHiicAOZLzb9Xjswny0PKGx9rhV179sry87/Fir02n5pfC2sR\nfoxIuOb+v1TkJ41w7Z78uvWhyucB/pfoEn2zWbonAf5nf/Zn+eM//uPl+o//+I/5uZ/7ufVN8/lz\nOoE7gj8GPw8vvoC/AX/j8Xsf/BsHo2Am6GaQSRjMyM4cmWyPMx3OWrwxqJU4bqV04ujEYZMzDmsV\nUUUIzjqP7wU/GHQw+J3BT8HpbPDOoE62gV4CvgR5CfhybMlk1ykNJ2A1PhdBbwSMid/bs3AyMWuG\nIBThDUfh1xhAtdGtvmwlrgbyMqME+prfSreV56WXKQHeCrfyeqyu2KrorXDpDKFxtXrejy3TEwH/\n1//6X+eP/uiP+M53vsPP/MzP8K/+1b/iG9/4xvqmDcDPD9EdzsMe4EbhVuE2jUo7GMGMYCawE+y6\nEWc7XNfhO7NIaVFFOo8xng5HJ3MEu8eox6giVhFREMV4j+strrf4weImi9tZ3Gzxjstg3wJ8DfgJ\n8HOMT9I9l/KJEUxECa8Z2H0EeKrVTC1YgX39V/W6FMDLdfHH6nr5mllYirgyQYpwLt1boM//KyV9\nCcCrOFdRzseD5XFUA3NZttZ91zDZp9GTAN91Hf/iX/wL/vbf/ts45/iN3/gN/upf/avrmyqA92OQ\n5PMDTPcw3sP0Kvr3ML4Cj2JuFXNU7FExR4eZAtBlAusUnLLrR1zfBaD2Al5QBSGA3eKCE4cRxRgN\ngE9TORIap+mUue+CGzrM1CFzF0EneG/WMz9b4Ic20JOD0zSdLe5JEj59mS5JeckYRgTzklgCe0Rz\nCfpLQD9rVwnkKY0aeEvpuEX580lipfJvgT5PO38upUlxzxbAW2WvXXPlf5doq5Kv+Ri5dG91bR6/\n0PXJ8/Bf/vKX+fKXv9y+oSXhoyQfX8Hx5bnzCt2d0h+U7uDpjtBHwJtZ6ZzHOI8fLH5n8UMAuyiI\neKzx2M7R6bSo80YUI4ERSKokAZWgEUx9zzT0mHlgnhWiZFcviLd1wNeAD3UJXwJ+4nxuPgdlqr8F\n9HkaJjKrrKGXfe5rVPmL4G9J6dzX7L6S8vgWCLdAX2MQvkhjq3w1BlBev0lJvwXw2r21+3Lw12wI\nrmW6J3ojlnZAHfBjVOkPQaofX8LDx3B4AYePQ1gVhiMMo2c3ARMYF/ruxnmsN/TqA9idCaAkgF2s\nx1qH9RMdExaHwSMm9tlFF6CrCYAGxU47TO+RQZFZUSd4Z3DeIsli6SkSXirXQgDwVMSVgJ8IX8fK\niTmcSeIsvAL7E6R7kugrEOc+jfiaXytjorzxltK8JuFrQK/lVwN4jQEkelOSPc+7zPexXHdLuqdy\nPo7eLuCzPvwUAX94Afc/gvuPglOF/VHxI2FkfoLOKeo8xhs69Qxq0HlEY11IlN7GOrpupvMTQwS8\nRNVdFsEheAkj9N6EoTvTe8QFyzXdBTXeeYtRj6g/dSMvDdpB26It+bBmAiXQE/UU/fd0r4CcuiSn\n/nX6L4FdzttOU5pnlINfagNbW6DbolpGtZH6moS/JMG3JGlZ3lZ54JMBep7+VkWXZbgE+lT+LQZ7\nmd4q4P0U+vBTVOkPUcLffwSvfggvfwDqFXckSPYJusnhnYATxHs6hAEJYFdi/zxI9q6f6N3EoD2D\nHrFmDtNygKR+uxIAj+BVUBHM7BGn6BDA7r1l9i4APvVnHyPhS5DnfrrHFHFlm+gEOj31440EJ2kQ\nLVfpWQO8jGtpElVXSXspYPJzkJYDdTnlL1QbaMsBXkr1Mpw3+jLvMq8W2D8pMF9D10jw1n05yGvM\noqbdXAf8T0elzyV8BPzLH8KLH4A6YFLsDN2s9A6cSgA3yQpZ4uCxYqzHdI6um+iGnt6NjL5nRxcl\nfKwKgTQZ59XgkaDwi4E+qfEW5y1OO6zOoTuQKvJaCb8FsFLC19poYuKtQbvluZrEzIJP7ceTPZsK\ntMqvBvQW2LdAVuu/18Jlw28BhUq45rfoMQzhWo3mk3JlHz4vw/VghzcIeGfO5w69ZMsnVNG4JkM9\nqFM0TkfpBEyKxJF5MyrmCOYINjrfC91ANNwJI/d4RXxQww2OmY6RgZ0MjAwMDPQM9DLSM9EzhcE9\n22PtjO1mbOcwzmE6RXpdA9pyHeC3JClklVC46uh9BJ8pgdeiEvgbt34iQk8Ll8fTiCvDFAW5BIDH\n9l0vPfOY9K6Zlbg2nWvSuqbsPwaAn3b9Wdy8V/wNcKuYB6W7U4Zj6LO7EXRUmOHZM7i9g/0N7HbQ\n99B1YA0njXNxsVJUTuEoyWvh5gcphISWj7RmjPJn4Tyb122rZ5mVceX7xHiV9QB3otKOI10v9akn\nRxFerXy71tG4bq2oK9/3MXmVedSoJSnL60t+i3Iuek1ZW9y//K+W3tZ71OmNAX7cVwB/o/gbj9wq\n5qB0R2U3enQEZjAzyKTc3sHtLdzcwH4Hw5ABHmJ9JJBzauPJaQJ6+kuKptACfYbMmqQulZYWM29p\nlk+Splc00MT4WjhLWnHeHS5Bf9YWc6BrcdNTgF8WrpYGFb9WH9fmUXu2DG/FPRbs15b1jMs+4p22\nGOllenOA350nHSR8sJ4zt0p/9MtovIl9dpmCZL+5gf0+SPihLwBf1ENom7loDqDOhutYS/v1/2T3\nFYpCHegl1cBcSv3a/Y9mApUPuwgULRhgdl17vAZ6r6dnlwcuSafXuaf13zXvf+0zW+lsMZprQH/N\nuMDruryOWmW+nt6ySh9s4zl67OjoRsJo/Azd7Ohd6LPvdkGy73aZSm+DzYkpVPoTmNP1CdSsQC/V\namqCfGv8JKeauv5YSd68/5rGf3r3MAsh6/aQA7ulzqd7F0YBZ6r91QDfuvfauNaXovL/ta6VzlPA\nn6d1aZDkdYDe0oAulatNb1Wl95NDbzyMDjNCP0awO8U7wfkwFdf3QY0f+lO4b0r4k1Q7Se8T8Nef\ne80AYtQ5bQE9B4mwHkSutYeSWm3kIpOoNdoYVjnln5cj+SXoa++zqtMC6GegL9X7LRBfurcFzNq7\nXwv0S7TFYK4Fe55W6+O1QNxS58s+fB5fluHxYIe3rNIzGbiZkbgIxixGNRJWh3nBjErXcXI2gH1L\npV/AvoA+l+jnEj7RWqWPVBuAy82aU/7Jz0H/GAFxqRtQlPQ8nPyY8QL6rAHmj5XSvfyvBvazwbrH\n9tv9BZ/ifopwrQ62mMs1aVzDLGofrFbv+X+1j7fFVK6tv63BzFp4m96cSl+R8DK7uOJNsDPIrBhv\nMN5jVMIs1BhUd5s5Y6LRmYlttmiPK7AvoIcT0FvXWVUtC0Voq/Ownib2WfiSwFjyuXC9Sa1GnIE+\npy0VvpT0iwpflFtrjbAGtGtA3wL8ll++6xZwyucugeIa0LfK1AL5VvqXpHvrumVeez3QE71BCX8O\neDsLXeyzp4Uw1hs6NXT4YDp+ZG0KnoeJmFz6qbkkOw3GJX8NbCk+1xr0y6duGazUvlMN6FvtPtFj\n+/hnpCtvk7ZAn1+vxoYS+LMXOAP+VmOtNdhLgK+83+b/14K1Ri3GcY3qnAO9Fb6mnNeCPS/r1vtc\nR28M8MfdcBbXO4NE6c4c1qL3XhnU0xNMZu1RLtcHoFIAvLzfE+znM5IssFL4JV9cowXQFTEaZgFq\n7era75cbSy3cqxJuMZulXLqUKwBXWMxtF9v36Lfaf+16cZr9f+lFLzXGS5XTorJfdYnKcuZxeTqt\niqi9Sw3otXTL9Eu/lfa1jekawF9PbwzwL3h+FjfIFHaqsSO7fsINI34/xqWoIKr4wV98d0WY7yxu\nH5bHaicBtKrY2aOjgwdh6qaQZ8w3hMeVmxiZ6ZjNxGQmOjvR2Rnbz1idseowuDPAnzGAa11ukRc4\nz0kTz+KYgTiLEZzArDBn/qKOrxKgCZLauEHzplytMcX/eYPO1YN8sKNmQFKGc9oCWwqXjKPGGdO9\n5YBFnmY58JK/Sw3gW0ykDOd9v9oKqRaHz82Ic3WyVMlej94y4Ef29ojrugD22Sxgh7AQxo8zZ1NL\nSpTgp3h3Y3F7E7amiktHjVesC7vjiFUGO9Hbid5MDCaCPvdtBLx0zNLTm4nJzsEuPwO7iA8zXhnI\nxa+vtTACSpJSGu1UUyMTiUMHsp4anAlAX21TXoDeZHWypYG0gL6K31Iv8ntysKUMTBafh7f8GpBK\nP1exbVGJLTv7ssw1IJcSOA9zZbilheTAL5dMXlLryn5jqRrm9DSp/1YBv5Mjs+kD4HsbNoj0oYJE\nFGMc3XQCdQnyBViAH8I+dH4wYWsrA0Y9zCCjYjAMdmLopuAvbmToRgY5stOeiYFZOibT09ue3k+M\nNkn3OaypF3fKewV0WeKlOuCVXIiQ+A1VJHYf1iAXETSp56tzCRLQOZfwyepw6SbLWpBCHRNNSb8F\n9q1RyhxYeYPdum5WWJYelf9zzaOcPtmS+teWe6tMrTorwzmoS+C3PsgWA0hUYzjQLtua3irgRxlw\nNuxBl7alApb17F3nwgKaBCRimAz8EP7rBLUCHcEXxXjCTIAKOMfcdQHwyfUjA+NazTcjk/T0MtGZ\noM53OmMJzojDmKDSJ6kuGrbTWsClspb+S+HJ/BjwxF1/wyhCsuY9aeWylvCLlK+AXmIZllV8clrM\nkygJwasoASJXMa8BDI34a8F+7TO5iryl0tfoMYzmMaAvK7cm4bdAfq2JbSpHnl9elus+8hsD/McV\nwN9IjzcmbDqZbUtl0rZU/RSWx56BPQM9sry3iEbARF+DiS4umOgGkEega1ovN7GTkdEc49q5uM21\n6Rl1CH14JjpJYJ8xLgA+lTlIelkY0yqcSLN5AF1+YjsNMwhBohvymQFJ4HecgL1IewmrAh3BbiHd\nl+5NO+DOWT0lukq6U/xZU4Xz8KX/rgHVpemo2v2XQFQD/zVlzsOXtJGyrsq4vByPlfItJlCCXbLw\ndfRWJbyTLkhjFdC4z5wNO9XYfqYfpmVQawE5gMoZA0g70Bof+tfiPcbraWdar7huZnATg4YdcHri\nYJ0dGXSITGBklJFeBnoTwc6MlRlrZqxxGOtQH6T4CuwxTjygYSS/at6jp3D4OzRGlcDwVMwJ6CLh\n77RrbVLrU9hJjNPwvSdZ73ybC+FSEOZUBX2LE5zZ3xb+pbha+FIfPxU8vy4lZqsfTPb8U8ve0mYu\ngeuShL9W2teAn6gE+9Uq3FsGvOlQE9RwRLFx8wrbz/RuYnQdeI2vJotEP12fVHo7e+zsYAY7O0RD\nHz7Eh/98Z+njdlcDY1gXb0IffudHJu0ZIxMYTVgf30uQ7tYHZ6zD+AzwXlA1+AL0+Bzs56Y9C/tS\nQfFI3Gpao6aygD314ZezBGN4keysJXy5P16S7DlmSqFDdr260OKPPK7W6Gr+1n/5PbWR+/LasX6Z\nGuhLwJRAL41dyjKW5Su5ZU37aFFZuaV0r43Wl+AugV6WPWdGFOHL9FYB78XGPeFjn93OWD/R68Tg\nBybtEdW1VGdtJpus6bq4V70cFUNQZ9O0XDfOdEeH6yPYY5+9tyNDNzC4kcGPQaVPm2HIGPrwOmNl\nCtJdXdj5Rl3crjpKd68YlSIufcRY+XJiVQvoBcIJrBKBnkAfQB6An6nqZyP0Md7paUehxRopyyph\npVThS79KJdhrauO5FnPdf/l1CfTc5YVv3VcDT2lKWEr3GjDKuBzkuZQvZyZqVAN8S6KXUr8Ee96d\nKqcQ83KXDGCb3jLgDWI8xoQ947u440zYj6Znpx2Co2YPv7Kc01DytNe8Oh9G+b1iZ0c3OvqHCT+b\noMqbMD0XBu9GBh/Vee1j3mO4R08qfRq4M3FqDq9r6R778wnsqoZlNH7ZYDKT9CmsEA6SUHQ5VELX\nYM8BX556nKR7ucNOSjvhJW9rbPgr2tL7LzWo66VMoBrIU1iKuPyFSqCUKjzZf+X03TXlzCV7znCE\nc2awRaVk35qXL4Gf+znVQF4ygm16Y4C/d3dncYLSxcMhLPGwCPFYPAaPNY6JniQby/XsC+gVBjsF\nw5puou8m5r5nmCfmuWNwE26wHLuBsR+Yu3gUlTWhSxH3qQ9MZw5lwoUxBQ1lWdhNoT2pkl0Aeb8+\n0hkfjpr60iNZTetJTINz7TW19XLzzJor8dMSai2N8JI7kyJbqnxWR2fU4jithl9TiVvgz8uQgz2X\nlpeAn3+9LS55DeA/CZfSaoH8x0TCH+absziLp1/Oe/MLyCRKOEEZGDkH+SmcaDDRoMbGkXgXd6xd\n+uwTY9fzsLvhMOwYh545HUuVpvEkAj0BPoE9nj2X6lATKJM0jw6X4gzp5BsEhGw+nSDxFckEhqDp\nzDonUV0XdJb6QN3E2upuBI5FXP5cCXyoa4NS/H/GLFoqsBbh8noLIFLc26IWAGrgh3NpXkr2/MXL\nsl2rnVySpuX7PhXcjy3Lj4GEf5huz+KMaDjQUXyQsOLXx6QBgxw5BzpL3Om+DPBp+s2PQYWPffa5\n6zgOA4fdjnEYmPoO1xnUgBhdmE46sKIG9hPoWYPeCerNAnp1J/Xr1CfPr7P0nESwG3SWMBWZ+ug5\n2GtAz92Rc7DXpH5LqJVtfhkz04qEh/PIUi3JAZ834Np1NYPKM1suV+nhvA+f51tSCf4aFyzBdC2w\nngr0azSIrfJdprcq4Y1RrI8HO5oAekHBnPq8AwM1kJf+YjiTAO/DPHuf7OXthDOWaegZh56x75n7\noNqHE2YVgw9TcJl0PwO9hjzTCH0OejLQ46Jqn4E9qPBR0gvLBpxJsq8k/AJ62ZbwJehLA50S7C08\nUcQvuNX1M0pxUQK8NZ12TSM/y4h1Iy4lesvlVOZf9smphLeoxQzSdeuZp4D+UrrXlGmb3pyEn88l\nvBjiKa7xyOYI9DQlpQgDY0WyBx9ywEd7+G5c5tnDgphkPjvhjTD3NhwU2XXMva2q9DZT6ZeRglhG\nyFT6llqf1HOVBdyanwwTozUehLEAPQO9RqBrCeAW2JNKXzKHBPpSpc9pS1NfudaNrSm1HFgl6PJw\nLdOcatpBTbLXAF9SKekf1+c9lSMHWO3/WtxT3aUyXFOmOr1VCS8GjA37xq8GxaJ9uQI9E3Au0fPt\nq0RyCR8BLyODDCGu6xm6CTXgrcF1wbrPWbMAXgxVlT4cL3Wq2DTAdurHs1brF8DGRr0sY41AhxMD\nSDp+em4BuZyr9DnwWyp9Anw+hZer9C081SgBfBG4uVpfk/BKfbQw70MnX7NrMv8a6VoDenldYzLX\nAKnsA29JzbLMl6TyteW5BPQteizjeqOAP5fwmGAcIzaDbxSMPkrQXhLgoZTq6z58BDuh3z6YkZ0Z\n6buewQ3s3BjWsRtQK5kvSx/eZGBfDp7MJPyi0sdR9HC8VeqzV0CvwVw2b+9Bezmp9UEoynJC7Wqa\nbbGiow72GujL0fpSwud29aeKPaeadp2r85rf1JpSS345Op6kcPp+NSmfkxThmpZQMpTyZbYAf406\n3PqvLNulcl8Ce/n8FgPYYkTX0RsctDuX8GrBpAJHMKgx8ein4HqmKtjLcFDpR3YEf/AjYxcNavzI\nqP1pBsDoyif6RvTUh6fow5er3wqVPo20E526YISzrH7zmrVROX3DJBgXkBNH6Fkb2NSAX1Ppt867\nK0fpVx9jK5xAXrupBH1tzjCXvLnLgV5KzFofPl2XUj4HvSnSSP/l11JJt5ZnSS2tIP+vxQCukeiX\ntJAW6MuyXE9vV8KTloWyGFOpD6e4ejW4CHhoA10JJqxpA4tRopTXCH5NC2WOdHFpq8WHhTD4YAMg\nHsEvc/FW46BdVOdNIRaVAug+Dtb5TNovg3acQF4TNFCRyBsgr7kc+DVhW3azW7gt40rSMpCDt2Ys\nkNQLw3r9ek4luK6Roqbil4DPGUoO/PwjlPnV4i5RDeCtuPL/S8Av03pMWa6jN7eJ5eF8TzvTuXB+\nW++RLjuKWQOoPEJnAuBTf3ct7U80pIUw0VJuMGOwi09OhkV6Jz93KW7Wjok+7HqzmOBYvJrTYplM\n4C1GNp4wnZaPtK8AT92gSlkPyF0D8JpLz5XgrhneXAX4mj5fi2uZwpaDB2UmifKKuETlC1x6kcdS\nWUktd006JfiuKXfJQF+nDNfRmzs99mUtN8H3BtdbXN8x9z1j7zCdQ+ZweKO1iVEE8JxeNYI+YspJ\nh5OeObpJBqa48i3Zx+fqegl4g8eqw2H5kX6GF/qcV3rHg95w0P3CBHySGlsaba5Ob2lw6flcJU9+\n7mrGNOWAXMpPK35ZXirhalyrMaa4a8DuWFNZESmdLdU0z7N84VbfZcvMsPVeW2DbqoctysGfv2uN\nIbDxbjXrqdenNwf4F+dR2gvaG9wQpsqmYUB6H09pDaqxtfNausvys5imihCAbkZ66ZlMOBF2NGGJ\na89IL9N6QC7Osy/9dQ1hh+WFPuelPuOV3nGvtxx1x8iwAH5lw19r9/l3StTS9jyXwX4J9LW23RIQ\nS+U3wudfacO1BuvKvnz+wjnQt8DeAuc19sTX2BbXQNyqQC6E87LLRnhLTc/zvfSO/zMAviLhtQ/b\nUrnJMg8dZvbIoIgj9OW9CYDPpftSZ2sJP9mJ3oR96Doz0ZuBLh0BHRfCWHEr2/jcuCaFHZZ7veWV\n3gUJzw1H9ow64NSeJDzU237efS1HxGukBKDXwP4YCd9S3VvtNM//YgFbErAF9FJC5VTrq26BsLze\nAvlWZVxSkVvvl+dfK+OlusvBndJrMbj8/Wqayv9MEr4F+J3BT5Z57pG4ZZM6wTuD9xZj3TKqvQC+\nAD2idLZnijvMdjatdJuX3Wo6ppVtfA763PcYHvQmOG6iSr+rq/QtgddixjWh4KmbyNam3VYbX1AH\n/bVAL8tR/XNLCm5J9xKAcPpwuUprNvLZAuM1q4XKfk2rYuD8vfL3K++r+VtUSvqckZT3lYCvvVvr\n+afR21XpB/CTwe1s6LMnsHuD85ZZe0zn10BfAB+ZgICIYu1M1810fsZqBL4EZ81Mp1OYltPMcq7i\nezUc2XHU3cofNar0WlhyXTNetaUVJpU+d1sSvmk2q7E9FN2NS1ro6oOcBYqEWqDY6r/H6Zczv7Zy\n7ZI0vsRYapyvFi7fa4uZlXVS4+BlJdb656VUr+Wd6qQckyg1mR8DCf+FL3yB9957D2stfd/z7W9/\ne31DTcIPgp8NbrbgcrB3zD5sNiGdXpimFDAaRvs1rVt3YdNJmelM2m12XoEbWPm52Wzc/IpJ+xDW\nsCFWnNCLhafdFnO1/pLAclxW53PQl9Z3aeebRQDExpADv+affYyzQFbIPFxKmksuATyX7um/moSv\nSeY87hrJfo36Xr5j+X5lH75WNy2qgR7aKn26v9aQSg2qLNPr0ZMBLyL8+3//7/nggw/qN1QkPLsA\n+FyNd97Gfemi+t1vAT5Ne4VFOGYF9rDhpPUubE+lc5jzr0g8yUxIVeU0Had2Cc90OLXkNgDVNpKD\nfS7uqfk54B/bjy+3uVp1IfQEemi3kSrQazdtAWNLupegl8qz+Yq2FlNpAb7mLoH9GrcFrmsAl9+T\nwFwO2mnxX4thltefHL2WSq/VxRWRahJ+EnAGFyW7+NMildA0NDTq1hx2Fm80Ta+F3WXTZpPGR0Oa\nZQ8olu+YNs8or9NQXrAFCJZ/KVwFfAv0re5X6a4Be/LLAbtypD6Vq0VXC4ctIFwj1UuV/pIEppL+\nYxnLpbS3JHsr70dVWoNysCctJ8WVxkCX6vbHSML/wi/8AtZa/vE//sf8o3/0j9Y3/L9fPYU/9yX4\n3JfC2u9otHL2Hvn7l2CvmFEbghVd2jfeGIdxHrEubEulkTMqJwMaWBnT5EY1F0mJp8goeEVTt8D7\npa2ID4trkmFOybA17Rtf2+TiTHWnGKTTukZbFrKqWtbuu/T/JQbQCreAWF7X8mmB/RKTydPb8rfe\nrVqhr0E5qMsZii3tp1YPl77Xfwb+y1WlejLg/8N/+A987nOf43vf+x6/+Iu/yF/5K3+FL37xi6cb\n/tpX1w9sdb9qsyu5FWWuBRbtJQE4LXAhuz6BWlZWcuV/S7q5X8ZNhIFGF8xyl+2k+7i3HWEjC/Vm\nWTqbphoml1/GAAAgAElEQVTza3UCVsLxWDa+lzkNSC6AzRlDB3QCVsMzy3Nlma9Q6ZtUzhvnHDZP\nNDeZLTNJz3TR2cKtBmMulOOaey9RqVq30s/f86nqe5lvmdelcrYYwjXP/6/RJfqd5p1PBvznPvc5\nAH7yJ3+SX/7lX+bb3/72GvA1ZnlJO3OsG3J6z3KAN6nkKsvZbfme8YutO8RVbgn0J8AvK9+2zmTL\n4sys8Tx7F9bzi2KshjCKMboAPAxEhmlGr2aZhfDe4J0BCxJX8OVTkGGVQPzgM9BnLgd9vlgs1ZOm\ngsupzTTb7tafNaDntAX0HPAl2MulrbXn8nJd2+hrnLos21aarXzK9EqQl3lcoscAPwd9bTXg0+lJ\ngL+/v8c5x/Pnz3n16hW/8zu/wz/5J/9kfVNtrKE2NlGC32b35/VTW3yVSfQE9LR81adNJfUkXc/2\npVM4HReVuVq30LuwK64PJrlWHNbGxTjWYfuwd73zYbBv9jYLd4j3OLXgwo47QaoHLUElLgmSCHpl\nbWO/EpgF6OFcK5HCv5ryRuazcP4xbOOZ/Fmb+TnYaxtWtECXN/r83pwugb18rgT1Y5hKixFcyvNS\nfPmxyvJ9svQkwH/3u9/ll3/5lwGY55m/9/f+Hn/rb/2t9U01wNcGc2vqfQJZEggVoCfpnkCbHwG1\nbBmd4pw5263m5LPuOrV8wpy+JWyL1clMvxj9hKU3qsLsOybtmH2/+KIefB+6/y4dMRUBn58zl8Ae\nuxDnEp6IH4nY0aL9JSZ36QvmEm9LHS3nzEuqgScHdg3s5TOXpG9epq13eSzV8rokTcvuwbV5POb+\nPI+c8X4y9CTA//zP/zy///u/v31TS6XfGnitSfgynYwBlCp9OgLKe8H4uPLeZQB3Almf+vQfJ2C3\nnHHLJpydzMt6/EFG+ugrwqQDo++ZdMD4IZxoqx714FUwTsJ5cknCy0mCapou9AI7TqP2tS5x6g6U\n9QKnwKZKXwvnlBp/3peqSacS6Da7LhlAKcHZuL4E/tpgy6V3aoE8UTmirkX40SpTozyt61od/xio\n9FdRS6XfGnT1xXNlu2xIejKw56AHTuvWsx1qcOYc8GXZynJaEKsY6+ntzGBHdvbIzh6if0RFOPoJ\nqzusurj8N4HdYDX04VUULwEEiodMI1mOft6U8Jk7G2/4JBpHXvF5g/PFPfl8eyqQpw6qljqtG/+V\nErIEQ2084dJ7tZjINdL4KRK+Fr7m/mviH09vDvCPGbTLwV7rwydJXwN9PviWgz4e/RSAbU5bUS07\n1WS7xtbGFMq4XjC9YsXR2ZleJnb2yL5/4KZ/YN8/oCJY3UewO8IBk4S+vRpmtYhzIAYjqfgRUKqk\nPfNwwBBdCfayW1xiMNGTcF+TPLlKnwMjn29PBbGsmQCcg6pMtwR9mc81YLwExFKC5ozIF9e1intK\nH77M+5O+92n09iX8pWm59FxLGGTt7yTddX2M89KPZ1Hh8SbbHtqsdo69zpgr7NZjjafrkkp/5KY7\ncDPcc7u7R41EGwBPOk3WawC71S6cU+e70yE1Gl9RBfUa3sNp2Fhj5LKEz9tsqqeY7uO1zxxsZXxK\ntARM7WOWg3pb+ZWqcu2jb1HRIKr3b2kUeXxZkWXltUBfu/exkrpMt9QM/mdQ6Z86LVdO19akek2t\nX0bbJajI3rOMyieAL6APB0As8a0z3PKwEA6v6MJuOUHCH9j3D9wO99ztX+KtRDVeo32OBFtAtUza\nYbRHvMMEbAcmoor6cLy15syvJ0j41pR2qUHDOX4eTZfUZziXiOUASKlml4N+pd8q/GMk/KX3aQE9\n+bV53xrVAFm7ruX/mPJeG/94enOAr5WxNnZzjbZ2yZX3XiAFEFnfWnYTco0j7juncY7de4PT08l0\nk3RM0sfutwnMQT2WmUHHxVRXVOllwnUdru/wvcUNHc5ZnOvwcRoPCBtbJhPco4RBvB60I07NUR9v\namnIXOFvYlNOfnpIYA2WJPXjQ9pMLPNzqVobla41llbjueYFX5srZs9tNdxrK73G6MruzidHbw7w\nNc2uNVsj1JlBTmf9dtZtR0EqjSrNb6/aqXDaJ34rv0xTTUY1zgdpPWnPUQes7jBxgE5Uwyq7CFqL\nD5tyClh1DDIySc9sembbM/U989wzu57Z98x4hD4wo1nQCHY9SOzTy6Lea5qay8srsJwxX7YTk/+f\n1Xn+7mXdthhrqshaWOIAJLEceeJVBgDnakpNIuf/lS9QluNacJV0jXTRShotif+65blEj3/mzQG+\nZqhVTsnmYL/0DeHUIFP9JKBXFvGsDnBcDFsKkNcESu3behbJPvs4x+57rE+j8Qpxkw0Xt9wGweDo\nUSwB7E4tTiyTGRjtwNSFM+/CclxHMNkFb8PBFnoU9CjIQdBB0B6kK8xyU5nzsBQNaHlfqX+DfAau\ntEvIr1Niwjr9ssEv04U5yONzq0MtSipH+MsXqLmaIU8ZrjGTnFqq4hbnK5jZo0Be+jWJvsUEni71\n366EbxletaZqLwGxInlyRT1UWdbYWg7aeZUSPlrOjTpEyX4ajbc6x2TCGrt0JLbErbdFwg47R7Pj\naPccu4nO75fddxDBW4PtLH5S9EHQB4PuBHYCQ9gTkC7Vl5zAXgrEHPRJspdGcLkxnHI+O1HWSVHT\nZ/W24sRAOmsPWQMfOAf367iiTOcF23gmp5oqc0nVqaX1umDfotdjAp++hL+mT18y00XqaFXKB/Ck\nxi4rFf4qdb7MJwFe0848HSZZ0MXReIfQx403TlthRxNcTk5QHswNhy5Y6D3g4+EYoFaYO8PcdzBa\n9N6gN4rfGxhMHLHXOIgXbfFTG6yBPgdl3p3KXRoQTICPWwousyVNDbYm1bMblPAN8jX6od/VaJt5\n4UuJ3JLsuXpSA3gergH1EvC1ct2SxrU8r/Fr5WtV0rVxbXr7Ev4a6Q71b1HUv5TvmkAvpyprAvxa\nTaLWh1+BnWXqzcU98WGMh1+EPvyyVz5jiLMznbpMsoM3grOGqesxg4Mj+FuFe4PZgd8RQN9psMVP\ndZmX9ZLwy0HfFU45gT1/Nq+HFSOJdZpTYgSagJ1/iBL8qw/HOXDLwpdg35IQteszbtgoRw3kteta\nPnlZucLPy9a63qLHq/afvoS/9jvWulhwkvLL7ac/Qz/+1IhK8Ishrlir5JUaefQD4MOuOKJdALsH\nnxnVpP3vrIS1rVYdvUzsObDnwI08hC254mYdJ7AbXGeZXEfnBqxzcABuQPcB7DII9Ip2inThzLxV\n33ur7bfAns/x+8rzuZZzJrxqoBfWA3U8AewtrrUl6UtJW6NrpUktXIK+TLeV35afwp8E2K8H/qfT\nh29J+lajTdTUsErQc2pkMb0zSV9VgYu8CgnvvEF8B3HOPEh2u8yzezUYcQw6goDBMzCy58CdvOIZ\nL+llwpiwxw4S1PigNXQM2nP0E8bPYYT+JfgbkH0E/CBIr+tBuxwvl8a88vrPjXoGTkuTyzooAZ9U\n9wX0ZV5yejapYJrdt2qbJdhr6vkW0GvceosugT6VKfmXVHoq12V+Nb8V3gLuFkO6nj6dabmt6bjU\n6GrSPTWYbOpIlv9PESkpjX+KaDyvXeptJ8+vptK7k0o/e4uqLmr8rBajHTbusDPoiJNDrAJHz8Re\nDtzxiufygh3H5Xw9b8Mg4KQdI2Gar2PGqgtTcTfAHtiB7gTtBXqBTuMSWVlbtrba8paETya8ySK2\neO/VrMkK9NTb7Oq7Ffedtc2UWd432fo46UVaEv4aulai5OUrXc65WkC/BuzXAH2LHg/8Nwf4LSrr\nM58GSg0P2nUkhP7mIrEkM5PVANA06ORzm3k5N+NtWdiduTg3PoeDNHQS/CSYySCTxU1h68spHX9l\nOrxYvJiwFNaAoBiJJ+BIMtsJ7tTXP7LjgOkHXN/hOo/vFLHg4jp6NeZ6jbcUiPlgXQ76cpCuBH1N\nc24xgBpGctKywC1qNeLypa+hLRCXc5GFVGm+jBTplnEpXIvLy7VVWWXZt/zL9HZt6ROYLGE1WPJz\nqd+SVFXwh3XlElX1ZY05Jh7eKpAWynhZH/7oCKasacPIfI/443mcLrvUJNAJiMHLSdD63jLbntEM\njGbHg93Hk3FmLB4xyigDrwgn3IwMOJKRTtQGOOAxTEzM9Iub8Mtuu6oGHwcM1/WR1WECN5yPyOdg\nT2HhfH1Dure2irGGOcnSKbGTGeDVVfsWAC+BrqTWf1tAz1+6lEK160SpovN8y7jyZcuGXL5T6/ra\n8Da9XcCvpDLnYE+NtAX0dB1dOJQigFwJYU2iaAH8aXXcaYUcp0Uz+WkvNcAnPxvgExPXtMfyeMAo\nuKELFnTdwNHu6e1E1zmM9bFbQZTf+3DYRQH4gRGPQVAmJkZ2TDgm9YRegIAavNplH4Bavaw0ZIo6\nL0fnUz++NL4pVzB2RT5lnrkr00iUG00tdI3k9cV9LaqqEkX6W9ZFvrjvGmZTA3pp55xTTSMpwVuL\na10/Tsq/XcAb1lK+ttVZCXgq1yZFhpcMdnSgYhB8NKUNiWo8ylmz5bAL6JO6Xm4bXQsnQ5dFpU4f\n1YCGATw/x0Myu4Fjv6PromRHwYQ++45jPAGvXw67CK/k45QedMwc2dPhOKapO8ISYI9dVuPFl1/X\nUwn6VKdboM8lfG1pcAK90gZ5CfjUNcvbQXp+FVH6l1x5X5lWK3yNdHcb918CPKxBX/6XqGzMrbJu\nlf2actXp7QM+gX1mPXD3GMALJ4ketfiTb4I0jds/JcAvZ7iXffbyPLfWnvFGwGjsNqRCZR1bVbyz\nuLlnGnrGZHYbJbvaMKJ/5Eh2pCXpZJtklGNxeEw8DsOfusUaz77VcPptfpjGWV3lGqVyDvQS9EnC\nt4DeccJCzlBKoKe4GthhLe0X2gLklnrboi3QtPoaNQlfK1OeXv5SpnJ9DQBr/flWeKtufpwBn1tz\n5S5R6nfWNJ+qKlkDvbBMCcXBNuIy2DUD4CThLx0OEdOV1J1IHzVa2olXnOuYdwHsRqMabyQY1XjL\npD0Dx/gKurjw2mEQL113uNVxWJ4Opz3h6Ot4PEZLupegLy3sWip9TeDVJHyNUdfiUv6pjaY8zqgl\nsWp9+fLFy3RafgmWGthd47lamjll2t7qula2S1S7rwb0Gugv09sFfKqT1pQcbAOe8r8I7BXoT3HA\naoQ9MJsI/LjktSrhK6fALOmnzGMdqxIPoAgSfvZx3Xs0lw0WdMn+vmdgt4A790/muPMSF9hCkuyh\nC2B1vqzS5wN3uYSvgT1X6Wt7FeTdr8Q8SoCXcYnytpgPyAqn8ldvvjRoR+G31OIt7aHlyjRqfoty\n4LeA+xRqgb30L9PbB3yuypfSPTXO8plaOhJWv8liwy0rsItw2u45gXsBfxafH+vUOvJpzDLWsArv\ntMOORnBoOBQzquEqQbLPtmNyPaPv6XVPz8iO42Jqm9T4NGiX/jNoAHtcdz8x0Me98oJKzznY4Rzs\ncN6Hr1nb5Sp9DvYuCyfglmC/BHpfiV/+LF/kKQNnrXTLPFrAz+dqa8yjDF+i6uhk4/oaydZihrVu\nyDZ9OhK+ZrO99Vx6trwWObOek3SwQ1oTnkv0bE59dcxTDeBleFG246dcNr887VQjCjNxIwwruC4M\n4o2up/M7rIahulvul9H4Lp6BlwC/58AND4TtLeNknQ6MOnFkoiPa4F/qw6c2kMZFWoN1CfRJwucA\n76hL+EuOLP/ceKf2vVc3X3LwOEBugbym2tca3+tI5TLcKq80wukDboE9v75Mbw7wcyO+pfKlspfm\nnVtpaJGgZNUoEZC1M9zKcCnla/5STllvReVOzMPFzIN0txhrmboO2znM4DCzo3MTqVuQ5t6TxpCD\nXp1h9DtGf2TUI8dwoDU9E52EuX1n7ep8vOUIrVgRmkyLWyvkctDDGvC5P2f3XAP4ci6/BP2KrlHB\na6C/FuCXJHzZAD9pKsFeA38+OFWT+ltMq5y23KY3B/hDpfLyxjNJ0ZeU0zrvJsWXEiJQ5RzA+WGM\nCfBTxS/Dpasd2ZxfJ5PUtNnkEOJ1Ah3DxhV6MOiDxlVvwC34nc/s6nbLaHzcRZ/UZx8/2jF+NODv\nDXb07PSIt6+wN57d85G78Z5xt8N5G5bsum4JOx/GDJwLi32Wvno5FVpU61K3pVbQs+6eloODJROv\n+U3KG7sUcZfosQDPdbSyT2KzNMuC116qqnIWLpfQZblr8W+e3hzgjxXAzwQz2I5oD57CEmzDOykA\n36iQBfB6rqaXgG8B9tJ1C+SJGaQtpPssPAKjLNtSLYB/BdwCe3A7jUNzA0ccBl1G3ZcBOjrcS8v8\nowF9ZTCjY69HbOfZ70funt8z+Z5pPzC6geO8Y5yHk3PBP86BIaxWxS2HWFBoSpzjILe0S+o81LFZ\ndjfLz7fJAGoqbQmenK7VBlpgL1/WVtJrvUwJ9rKceeWWmkj+7NsHO7xtCW+I4Oa0EWNuD58WhGxW\nhoY6G6VQzfUc+DngcwCP1AFf0wZSuOd0zltfcR1wiEB/ENgLei/4vcHswe+BvSCDMtNHmzq/gD2M\nxJ+s6uUA3As8gB09Vo/s7Aj7V6ACnTAdeh6mGx7Gm+BPN9yPt5jJo5Mwjx3T3J/vfJsPsmXVunyj\nGthzwLc+zyXMbFLJRUqw16T+Y8Fe5pUPdiQDkFLNr71gq+wl6GvpfDpAT/T2AW8luGVuWIJdqmUx\nbqlTFi/UAe6AWU8GNiXgSzW9BPuWyw917BvhATiA7oCdQeNKN78jbmIh0IeBPaMa1Xg5GdXQMWsY\nx+/nmW6a6eaZbnL0fqbrZrq9i/6MmzpeHp8trj9OmKOHI7ijZZQh1HNextpUaKnSl6BP/8/Z/VuY\nauHsUcBvgX2Lq1xTqDyPcvosl8yp/ZZTdVtlLUcuE9UMEP68SHhj1g1qMVllY+qmuBZO/fe5AfwE\n+HLwrTYgl5vZVsN6GmNoWastK88kOtBBwi41g+B3QbrTBcAvZ8pHsAegjwHsOsUNMw6EffHCdN1N\nd2DfPXAT/3Oz5eOH9/jo4X36w4Q9ePQhTAWOZsCkRlbrw9cwVNNy8/8SPmqDxdAG+Vl8S+K2XEkt\n7tIC/CUpX8aVbddv/Lf1DjnjqPWf3j7o324fXgSMj74E8OcakJHi+zZEhFAHeq0Pf82UW22JbNIW\nFkszPWkkOXiysC4qvkTwG7RXpFekj5tXdMHuPxyPdQL7xEynwdK+0xnfWWzv2fUjtvfs+yN33Uue\n9y953r/gvf4F3hv29we6+xlz76GHyXSMMvDADda7UGUlo9pS6Wvd2hRX2tnnn7i2vLbanmvAK+ka\n4F+rxtcKU4I9v87XZ6fna2VslTWv3JRnbnn36QA90RuU8JU5TTEsJ6YKxCVgnObRW4MaRThJ+ImT\nCj/raQWci+Ec8FvGNTULs7iufmngSxdEWR0EUY5DpMMiOgK4Ow2g7xTpQKwEA1rNjGo0njmPC4Y1\n6pG9sLsb0Zt77K1n1x153r3iszcf8dmbH/DB7Q9RhOHliBkC2J21HGXHg9ww6Ihx/jS1Vu42VFPp\nS023Y92G8ym2Ur2X4voqyV5SrR9f/l+m91jpntIoLZRKIKbn8v9r5c3LWlof+eK/lalhJb03T29X\npRcI1jE+gD6BFz2B/owqwF8kvBSSOYsrJXzLVn7iXHKVC0hSu1i6IRq0EVvEW07r5q2cZiJs3Jaq\nU8QYVH0cpAsGNGkzS5Nd989mnk8vw6mznWN/c+TOvuT9/Uf8xPPv8+Fn/gcImMHje7OA/Z5bXuoz\nejdhJ3cynDGc9+FrVVwTfMr5fHr+bC7Ammq9XmjjJXiuUesfI91rwC+thFrpl/F5ebYkfE5vYo7/\n8fR2VfqF8tFRgl+eUnJG+b0UUj2X7qxBW1vfnocn1oYi0XruLK5mQlrGxYFHNbWwBl5nwKtdQJD4\n3XIdw/vPHhnZoZ3B7sM8/LPuFe/vP+Inn3+fz33wJ7EbEfvsMnDPLS/8c/buwDCNYQAvLe2t7SPY\nUulh/Z6pfGmVY17mVDetdSfa+p45yYbfAnseroHzEthzv/Zc6tPkUrmWf55mCXytxLfe6e3QmwO8\n1ixoai/cUN3OFlckURM1gbzfnXbPKQekSglfSvZ8+u6Sg7X6mjf2XGNLYMq3hhKWgcllL3kAlRMe\ncqAA89gxjgPHccdh3HN/vOXV8Y4Xx+d8fHyPu8MrTOe5n28Z/YATi+k8/W7k5uae5+4Fn9Uf4DqD\nNyZstWUM3ki4LhxEC0IlWBNqKF8anFONDHWkPg6Q3iF1gVfMRRaGVx3EXp1Go/E6VXBLPa9JXxpx\nW/eU4XJByrUMJWcMrf5NTjUcPIaexkDeHOClBfgMIZIXVtb1JNkzq72csopLZqVeTgN4+S46+Sh9\nbQS/tExcXIXh5EDPi5H8cqo1d8K6XVA8W+YDeG+YXM9h2vPqeMfHh/fY3x/o99PSZ7e944cPn+Xj\n8TlHv8OLoetnbvYPvMdHzNbQ70dm0zGbjsn0zNIt17Pp4nWPTyft+rgd2FlYQ/12ZBuCVN7NZnWa\nwsq6nn32HJr5WUJaAq/8SDXa0hDLj1N+qHRdUxNrwN0COtRfuqVp1N6hVt78nhwTPw6Ar9nIJoBL\nNmqUgz7f4ji9lKZ4zeI53ZdvTJnAntIpLe1K0KdNHarf4wLoE+X2/7UZmFIjKLXJszoKnvOWaQ6G\nNS/HZ+wPB7qHGXmp+C702bth5tV0x8vpjoPb4YwEwHOP7wS7m7mbX3KUHaMZor/jKANHs2OUsPce\noji1cVcgE/f/M9nmnwacoEmTqg36pfdLYwYl0G1kGiXglVDPC9gzp02OXHyELSpB2HIpj7xxtKQC\nrF8k/7CJLpX5sRK99r65BLqO3q6ElwLkIkV8vG+pU+F0EmqNe0s2uBalfJ5taoA1wF9qSynPGuhL\nKrt5pSYgxT3lvbmfkvSG0Q2LhB8OY5h668Jo/GgGht3IqAOj7xl1wIvB9jM39h67m9jrPaMOHGTP\ng9zwYG54kBsOcsO93GDNPoBdwgYe3hl0VryT6BuIccveAWW3KbX7fO28r/iJOauucZLAnpzfVL0q\nlZ+o5MS1uJp0LiVxDey1/GsqW/5fyQ3LMNTbdC2t2js9HuzwqQE+D8t5o1/VTw76/CaybyXrJbf5\nt8gNaUrpfpXwKCpUzwKnS5HTN0i9l/y6BvZGvFN7UunHO8zB4zvDZHsOsueeW4b9MQ7I6QLErpvo\nzMSN1ThmILySO17JHS/NsxgeMTIj4vEiTNKF5b2zwc8GmS0+1pefBJk1gH6Uy2AvpfuZL5kmpNl/\nseLTqKWWwH+slK8xgFToHOQtl6vzNdC3AJ/ia6p5WT6Ke8t7tBFfpnE9bQL+13/91/l3/+7f8VM/\n9VP8x//4HwH4wQ9+wK/8yq/w3/7bf+MLX/gC//pf/2vef//9SllqgI8/aTvpKvCjFMiZmBYVkmsA\niSlLln7JsEugl/sdlAy/1Z5a32aJT+WWcwZcA7cpwhl5bxjngYfpBnP0p9F4E4xqXuoz9tMDwzDR\nD0f6YWSwI303MQwj/W6kH0a6fuZjec4LeY9BjvSMWJlBFC+GSTp62aEzyGyRyeLjqj+ZBZk8kmwe\n0rr5HC/5wGma9mtJ+Xzgm+iLnsDufWTurwP0VNmahWsfrAR9TYVvqfJkz5dmszXAXxPOG/wlKp8r\n49pUG1lb6B/8g3/AN7/5zVXc1772NX7xF3+RP/zDP+Rv/s2/yde+9rVGmUzdmWR8k7lyuiiZ2pbg\nMNkzSKXhydp8Nh+RL9X6S9+1pJKxt7TCvDy17aJaWkaRv/NrCf/x4T0+un+f77/6Cb774kP+5OPP\n8acff44/u/+AF+Nzjn5/GrS7uee9Zz/iJ9//Hj/9F/4/PvwL3+UnPvgeH3zwZ7z/wQ95/sHH3H3w\nkv1n79l99kj3/kT32Rn7GYf5jMO85zDvecxzjzxTeAZyR1jxd8PqRJzVqsF8pqRqmFSJM4QRfKm4\nixI29xNdAlftw1UtryoftdYItj5669lUnq2+3SXpnr9XTU2s06aE/+IXv8h3vvOdVdy//bf/lm99\n61sA/P2///f50pe+VAd9S8KfneIq6zCcpPpSr9rWznxMOK//NCV2LRNf8izCl8CfX6+ESvZRa20u\nMbaUR15VMT714XUS5mMXjGr0lt5PdPNMP03czve8zw9wcYBub+5DH/7mns88+4jPvvcDnj97wZ7D\nItkFjyeo8SMDB/Z0MuIms2KSOgo6CjIaZFQYdW1fnw+UJgZbk/BaCdfqzyhxg8DKB7ok4S9Jxvz/\nGljLUdwWo8mld5lfrmYmyd9S6cqypXJd6obU3utx9Og+/He/+10+/PBDAD788EO++93v1m90/+wU\nNn8DzJcaam3BAOD8m7RerKaKl2nlbablXxIaXIhv/Vcr9tJNacRHcmrROWyAKWNYKS+qGOeRSTGj\n55l7ibNCt5+48fd4kWVa7jPPfsRPfuZ7fPb9HwSwx03pPMJEx4EdD+wZ5JaOCTd1y0k7ehR09OjR\n44+KHPV837ukxqdNQHLz3RbYzwAfI9OA3SboW+BvUd6nqn3gXDrkoK81qpp2UWtsZcMrLbVa0j2v\nj63r1vv9V+C/bNx7otcatBORuIlkhfqvVh7IXE1lzwGfJK8prvO00r2JfPZfDqzy+7XaTZ7WNRrV\nY5nuWReFtYqbm+gawZmwveWqbabBScD3hpv5Fc/dLQfdM8rAbC2+F9gpcuPpbic6JnqN59Zp2DPv\nVu+54xUHDYdZ98xhEY+GjbRm6ZllwIhnjsuXHSF/Td2ntFdg7ONr6uuX1nwlMy8rZNHoUpctT6AG\nuhowWoAsQVb7SNeqdmXZ8+fzBldKrlLNyxvBpbzK9Gpl/0vAX8zi/p9mao8G/Icffsif/umf8tM/\n/dP8yZ/8CT/1Uz9Vv/GSoV0L+PnzfuO6ZKo1JntJ02t922u+d41q71dztV1ky75tvtY+32Qjk6Q+\nMj0wHoQAACAASURBVIXJhKm3e7nlhTznRu7ZcaSXEUX4kX+PV/qMUXd4b7Hq2Psjz/UlXi3GK4f5\nhnHehd1z3I5Rw1FYR7tn7CYsOybfo1M4UFOz03zUCeoNeIJFXj5ukt4n7u2/ruMIcmtALfEM7vDn\n0i06G+DhZMpY4+xbDCJVsrLmtprFXZtW+uC18FaDKN/jmvxqDCVnZNc32EcD/pd+6Zf4+te/zle+\n8hW+/vWv83f+zt+p37j1/rXuTYqHtXRvgb4F8Etgb0nup4K8pLyrUmp0pUSvuXLpbc1FBqFGcBLs\n6A9mzyu544U8Z8eRTiYMMzOWe73lwd9y9DvUGaz37N0B9Sl85OBuOPg9D+6Gg78Jkl9u6M3EobtZ\nzrT3s0GdwSfngwvT6wZF1msWSkOdFW4ENILdePCW04AdnIBdjny2QLM17QJtsNfA30qn1VDKBl82\nyhrTquV3TVfiaWCHC4D/tV/7Nb71rW/x/e9/n89//vP803/6T/nt3/5t/u7f/bv8y3/5L5dpuSq9\njoTPgV0Dff6+W34Kl0wxp08a+Ans5Uq6EuyNNfXNcIUpqBFmYxlNv0j4l/KcPoI9HErZMenA7Hsm\n1+Nng3We/XzEOs/OjTybX3HQG+71lnt/G3y9ZZAJax0mHtuFKH628Uit6HsLXvEKktTzcu19Dval\nK56r8iaAfbl3CyS1+NbgjHAOoBrYW0DfAtu1jaHW2LckfK3MNZA/tiyBNgH/jW98oxr/u7/7u5dT\nvhbwpcufb4E+Ty/3a3GXVPrHXDcLED9U2U63pHi+a07p56PdG37o54e5+QD4O/poVIOEAbojfQBV\nMkGeBTs77OzZTyM6v4JZOOgNL+WOlzxjJ2PcDtvFo7gVL2Hln5vDbrjiOpxXwoBbh6phsUoswZ6q\n6Gy2JKr03oCxWRsQ0rHf1wM+dzmXLwGUA60F/BJwNRDWqFT3t1T6VEEt9b0F+teTSG/Q0q4Rt+XK\nMYxLoN8C+hY9Cti1P0vuJOtg/k23tsVqqe21payVtq7GBAkvAwdzE9R4CetXHYYJy0H3dDrT+5l+\nnujnmX4KrhunJXzghhvznJ09MsQz7Y3xYFiOy3Kd4FzP7DvE6+rsO0NYkbdqy3kVJRwtU9Q52OG0\nmi4He1qPW1ZEGdeacy0LUAN5Tcrn6sglKX8NAGsfc4vB1PIr1f6n0ZsD/FMlfGJueTo10Le6TPl1\nzuRrIL/IrLf+rHCWnHGV0rzc+LL1X3KtLk/mtBi0MyZIZC+GidNWVzf6wK1/4NY9YGePnTy78cDt\n8cDN+MDt+MBB9uy6I30Xz7SXUNHeGuYuHKgxq2VyHon7BYTZNIPXcEy3lGXM6zmfZViMnyQuqjFx\nDC6CXXKpXQN4KeVd5qeMyu+TA74Eee63QJ6H8+tW47ok2XJNo6VBtIBejltcT58O4PNwrZHU+u3l\nu9aoBfrHkJ4FHkf5N80BXW5pXYK8vC7rKvdjOB+0M+LQqHqP0nGQgXv23HDHe/ox3nehzz6P2Mlx\nMx55fnzJe8eP+czxYx7Mnn6YsLgg2QlpzSaA/Tj0jPRRskewEw67dFiMKJKkdA3w+dx9MsP1Ekbo\nnQbJbiLYV5Z2NaleU+sTyHO/pBLcuZ+DL+WdA7EGyi2w542hBvSyD1+mX1777P7adNV19HYBD9uM\nr3x+a1pui/LGdomq93wCYK9NseVmqOW0W+lfKpKyGrTDhFVvMx1HhmBUwx07Dni1y8i8n19hJs9u\nPPJsfMkHx4/4Cw9/xo